53854245784
53854141828
53853881601
53853881606
53854141878
53854245894
53854141898
53853881681
53853881691
53854312880
53854312865
53853881706
53854312870
53854312895
53854312900
53854245864
53853881636
53853349203
53852199742
53853450559
53853089291
53853349213
53853349208
53852199767
53853524495
53853450594
53852199787
53853089331
53853089336
53853450609
53853349278
53853349298
53852199827
53852199822
53853524540
53852199847
53853450644
53853089381
53853349323
53853450659
53853524595
53853524605
53853349338
53853450674
53852199902
53853524625
53853089426
53853450704
53852199942
53853524630
53853524635
53853349368
53853450754
53853349378
53853524660
53853349373
53853524655
53852199997
53852200002
53853089496
53853349388
53853089511
53853089516
53853524690
53853349393
53853089526
53853450804
53853450809
53852200042
53853349413
53852200052
53853349418
53853524740
53853089571
53853089576
53853089586
53853349428
53853524765
53853450839
53853349443
53853089616
53853524780
53853349463
53852200082
53853524795
53853450859
53852200107
53853349473
53853450899
53853450904
53852200137
53853089676
53853089686
53853524830
53853089696
53853349498
53853450944
53853349518
53852200172
53853524875
